OID	pop	PointX	PointY	fcadidature	fcost	fcapacity
0	184	19682242.13	3827295.546	0	0	0
1	335	19705995.73	3843237.954	0	0	0
2	223	19691179.51	3843197.486	0	0	0
3	2361	19674926.72	3842762.803	0	0	0
4	834	19679381.17	3855644.547	0	0	0
5	242	19687005.13	3855806.129	0	0	0
6	356	19693030.22	3855833.083	0	0	0
7	283	19706752.64	3849498.483	0	0	0
8	212	19699936.56	3849841.932	0	0	0
9	125	19693016.44	3849592.577	0	0	0
10	380	19686379.35	3849817.166	0	0	0
11	5475	19679514.08	3849680.545	0	0	0
12	585	19673673.3	3850148.608	0	0	0
13	600	19665742.33	3849971.779	0	0	0
14	1556	19679173.94	3843786.872	0	0	0
15	136	19686195.38	3842962.893	0	0	0
16	97	19693519.6	3843200.231	0	0	0
17	381	19700162.88	3843107.781	0	0	0
18	119	19699214.8	3836366.028	0	0	0
19	194	19693274.77	3835882.078	0	0	0
20	361	19686607.11	3835885.169	0	0	0
21	2993	19679719.08	3836364.592	0	0	0
22	180	19673061.91	3829448.003	0	0	0
23	556	19678641.77	3829590.071	0	0	0
24	143	19686390.46	3829390.256	0	0	0
25	171	19683772.83	3827409.833	0	0	0
26	115	19679609.37	3826652.051	0	0	0
27	153	19677718.97	3826812.883	0	0	0
28	1330	19674888.72	3826822.362	0	0	0
29	513	19672622.58	3826383.77	0	0	0
30	2027	19670576.95	3827968.284	0	0	0
31	750	19669052.29	3829541.499	0	0	0
32	2676	19670450.7	3828958.827	0	0	0
33	422	19675372.92	3829093.393	0	0	0
34	741	19677141.71	3829383.626	0	0	0
35	171	19682582.02	3829170.208	0	0	0
36	216	19684295.0	3828651.953	0	0	0
37	143	19688111.9	3829594.85	0	0	0
38	122	19690985.81	3830187.569	0	0	0
39	50	19695158.55	3832369.797	0	0	0
40	155	19692918.07	3831726.551	0	0	0
41	205	19691464.16	3830918.102	0	0	0
42	208	19688718.8	3832002.171	0	0	0
43	658	19685859.93	3832266.672	0	0	0
44	527	19684944.19	3831304.914	0	0	0
45	409	19682422.94	3831850.3	0	0	0
46	2872	19679961.21	3831048.678	0	0	0
47	742	19676714.43	3831698.034	0	0	0
48	91	19675087.49	3831002.001	0	0	0
49	768	19673140.71	3831697.387	0	0	0
50	1184	19670508.97	3831687.675	0	0	0
51	672	19668223.92	3831070.349	0	0	0
52	2662	19667148.89	3831231.249	0	0	0
53	870	19666740.07	3833969.429	0	0	0
54	648	19667906.37	3834018.364	0	0	0
55	3014	19670091.39	3833930.964	0	0	0
56	3083	19672519.19	3833930.964	0	0	0
57	2470	19675706.19	3834195.624	0	0	0
58	2008	19678134.21	3833723.144	0	0	0
59	2545	19679333.87	3833425.981	0	0	0
60	409	19681633.44	3833946.923	0	0	0
61	683	19683929.86	3834035.845	0	0	0
62	1447	19686748.21	3833639.467	0	0	0
63	352	19688361.53	3833940.099	0	0	0
64	353	19690823.67	3834233.141	0	0	0
65	52	19693681.02	3833579.01	0	0	0
66	50	19695906.06	3833724.111	0	0	0
67	62	19697926.47	3834117.331	0	0	0
68	95	19697599.15	3835817.358	0	0	0
69	68	19695317.34	3836329.077	0	0	0
70	194	19691591.9	3836108.664	0	0	0
71	291	19688704.24	3835720.683	0	0	0
72	3587	19684268.9	3835388.721	1	0	26141
73	760	19682531.66	3836295.03	0	0	0
74	7188	19677881.07	3836298.555	0	0	0
75	2704	19676284.41	3837189.511	0	0	0
76	2680	19671217.89	3835562.446	0	0	0
77	918	19667882.58	3836746.326	0	0	0
78	2164	19666747.76	3837916.312	0	0	0
79	918	19668125.13	3838300.185	0	0	0
80	1048	19670716.97	3838652.268	0	0	0
81	1518	19672092.88	3838792.474	0	0	0
82	3379	19675826.11	3838315.855	0	0	0
83	2380	19676714.43	3839248.172	0	0	0
84	1248	19679752.09	3838290.647	0	0	0
85	760	19682836.01	3837918.699	0	0	0
86	718	19684171.42	3838625.556	0	0	0
87	239	19686426.63	3837676.943	0	0	0
88	334	19688871.96	3838421.097	0	0	0
89	194	19691391.48	3837774.604	0	0	0
90	68	19693214.77	3838526.161	0	0	0
91	68	19695654.16	3838566.082	0	0	0
92	53	19697492.31	3838586.761	0	0	0
93	86	19699983.24	3838570.248	0	0	0
94	32	19702627.23	3838632.87	0	0	0
95	110	19703701.22	3839272.774	0	0	0
96	251	19705828.88	3840928.714	0	0	0
97	151	19704697.94	3840984.709	0	0	0
98	44	19702313.3	3840393.814	0	0	0
99	116	19700268.18	3840586.811	0	0	0
100	115	19698101.23	3840617.129	0	0	0
101	68	19695906.8	3840786.101	0	0	0
102	124	19693319.04	3840735.933	0	0	0
103	78	19691261.11	3840697.328	0	0	0
104	95	19688856.63	3840161.275	0	0	0
105	101	19686924.22	3840360.789	0	0	0
106	902	19683903.53	3840529.86	0	0	0
107	1504	19682360.52	3841222.136	0	0	0
108	5738	19679843.35	3841413.729	0	0	0
109	4606	19677051.72	3841496.795	1	0	50551
110	778	19674306.27	3841328.909	0	0	0
111	1818	19673567.66	3840094.634	0	0	0
112	3630	19669770.69	3840244.944	0	0	0
113	1292	19668591.07	3840574.305	0	0	0
114	1363	19667121.86	3840340.386	0	0	0
115	1080	19682515.9	3843001.229	0	0	0
116	134	19684647.88	3843044.863	0	0	0
117	662	19689388.13	3843453.884	0	0	0
118	387	19695676.57	3843073.472	0	0	0
119	322	19697902.02	3843180.812	0	0	0
120	183	19702087.93	3842777.937	0	0	0
121	335	19704833.43	3842823.616	0	0	0
122	809	19706458.55	3846087.278	0	0	0
123	809	19704867.94	3845483.005	0	0	0
124	476	19702120.58	3845020.472	0	0	0
125	476	19700156.48	3845047.658	0	0	0
126	387	19697669.27	3845390.1	0	0	0
127	387	19695945.17	3844739.666	0	0	0
128	185	19693543.28	3845083.327	0	0	0
129	1872	19691175.49	3845028.463	1	0	42928
130	779	19688872.0	3845106.347	0	0	0
131	182	19686356.02	3845051.305	0	0	0
132	1439	19683867.7	3845394.07	0	0	0
133	2805	19682436.55	3845147.595	1	0	44315
134	4377	19679416.52	3845879.094	0	0	0
135	397	19678021.7	3844835.149	0	0	0
136	856	19676217.92	3845338.572	0	0	0
137	319	19675032.15	3847507.718	0	0	0
138	640	19676969.63	3846947.509	0	0	0
139	1812	19679139.29	3847715.744	0	0	0
140	5958	19681304.86	3847634.811	0	0	0
141	3247	19684558.27	3847512.153	0	0	0
142	555	19685973.01	3847234.29	0	0	0
143	364	19688987.99	3847443.268	0	0	0
144	304	19690939.87	3847852.923	0	0	0
145	263	19693122.3	3847802.8	0	0	0
146	138	19696298.48	3847489.427	0	0	0
147	184	19697512.13	3847556.106	0	0	0
148	240	19700456.18	3847416.623	0	0	0
149	280	19701981.65	3847454.373	0	0	0
150	580	19704442.83	3847646.422	0	0	0
151	426	19706098.01	3847222.318	0	0	0
152	471	19704525.9	3849823.634	0	0	0
153	826	19702870.1	3849271.009	0	0	0
154	142	19697747.33	3849517.611	0	0	0
155	220	19695784.65	3849952.899	0	0	0
156	317	19691189.06	3849339.517	0	0	0
157	536	19688667.63	3849096.601	0	0	0
158	380	19685383.89	3849389.096	0	0	0
159	1103	19682014.03	3849834.467	0	0	0
160	1931	19677497.17	3849314.166	0	0	0
161	732	19674154.3	3849862.177	0	0	0
162	1252	19671297.35	3850011.553	0	0	0
163	713	19667377.48	3850691.069	0	0	0
164	261	19666263.66	3851624.551	0	0	0
165	761	19669181.91	3852041.431	0	0	0
166	951	19670561.09	3851823.971	0	0	0
167	1688	19674969.46	3852102.172	0	0	0
168	1265	19677728.7	3852333.558	0	0	0
169	746	19679878.41	3851755.957	0	0	0
170	375	19681844.06	3851936.072	0	0	0
171	1416	19684459.14	3851356.777	0	0	0
172	997	19686577.53	3851805.032	0	0	0
173	377	19688921.68	3851768.862	0	0	0
174	254	19691299.17	3851688.443	0	0	0
175	120	19693117.05	3852358.826	0	0	0
176	139	19695720.85	3852260.681	0	0	0
177	97	19697270.37	3851207.761	0	0	0
178	353	19706332.25	3851203.211	0	0	0
179	172	19696799.72	3853419.338	0	0	0
180	436	19695407.8	3854007.873	0	0	0
181	447	19693758.35	3854215.517	0	0	0
182	216	19690573.74	3853873.265	0	0	0
183	505	19688835.79	3854400.533	0	0	0
184	227	19686521.14	3854149.325	0	0	0
185	597	19684539.98	3854384.51	0	0	0
186	807	19681992.26	3854992.919	0	0	0
187	570	19680097.41	3854951.004	0	0	0
188	551	19676956.0	3854396.968	0	0	0
189	392	19674565.31	3854616.173	0	0	0
190	777	19673231.65	3854143.17	0	0	0
191	874	19671342.01	3854161.74	0	0	0
192	359	19684568.11	3855715.65	0	0	0
193	607	19688062.14	3856557.391	0	0	0
194	600	19691048.74	3855573.923	0	0	0
195	584	19695680.53	3856263.515	0	0	0
196	512	19696924.05	3856391.103	0	0	0
197	1621	19669933.27	3827689.269	0	0	0
198	641	19673364.06	3826356.224	0	0	0
199	513	19672221.59	3826458.92	0	0	0
200	187	19673524.32	3827834.44	0	0	0
201	1260	19675481.11	3827307.922	0	0	0
202	513	19674256.19	3826925.111	0	0	0
203	154	19678489.68	3826292.418	0	0	0
204	556	19678191.5	3828127.73	0	0	0
205	115	19678454.27	3826223.684	0	0	0
206	70	19680616.2	3826189.096	0	0	0
207	184	19680808.3	3828062.121	0	0	0
208	115	19679339.85	3826624.867	0	0	0
209	115	19678819.96	3826580.39	0	0	0
210	115	19679028.39	3827066.153	0	0	0
211	306	19682811.12	3827595.374	0	0	0
212	115	19681055.34	3825940.584	0	0	0
213	70	19681483.0	3825906.148	0	0	0
214	70	19681351.63	3826145.614	0	0	0
215	70	19682143.76	3825986.065	0	0	0
216	70	19682076.71	3826221.403	0	0	0
217	70	19682476.43	3826354.721	0	0	0
218	184	19682398.98	3827023.558	0	0	0
219	184	19682589.72	3827113.865	0	0	0
220	184	19683028.82	3827598.417	0	0	0
221	184	19682227.51	3827894.459	0	0	0
222	184	19681499.98	3827647.095	0	0	0
223	184	19681726.85	3827997.006	0	0	0
224	171	19684354.33	3827681.393	0	0	0
225	171	19684262.5	3828094.996	0	0	0
226	122	19691466.85	3830203.651	0	0	0
227	143	19687862.48	3829320.514	0	0	0
228	143	19687846.55	3828950.89	0	0	0
229	156	19688791.73	3830361.708	0	0	0
230	238	19686683.6	3829513.006	0	0	0
231	143	19686565.69	3829659.467	0	0	0
232	143	19686700.9	3829883.063	0	0	0
233	143	19687167.5	3829958.141	0	0	0
234	143	19686872.95	3829020.774	0	0	0
235	143	19684955.63	3829599.691	0	0	0
236	171	19684923.58	3828409.712	0	0	0
237	171	19683245.81	3829430.31	0	0	0
238	171	19683717.01	3829680.588	0	0	0
239	184	19681441.93	3828285.859	0	0	0
240	184	19681902.99	3828686.225	0	0	0
241	184	19681184.93	3828713.766	0	0	0
242	171	19682640.69	3829354.237	0	0	0
243	307	19682300.07	3830316.298	0	0	0
244	1724	19680862.64	3830351.946	0	0	0
245	1724	19681678.49	3830134.043	0	0	0
246	926	19677550.89	3829804.996	0	0	0
247	741	19676793.15	3829822.35	0	0	0
248	526	19675840.42	3828541.245	0	0	0
249	281	19674830.46	3829337.564	0	0	0
250	187	19674372.01	3829847.017	0	0	0
251	187	19674528.87	3829575.029	0	0	0
252	422	19676256.93	3829334.424	0	0	0
253	225	19674809.69	3829225.9	0	0	0
254	225	19674358.49	3828834.786	0	0	0
255	225	19674423.78	3828573.615	0	0	0
256	235	19673470.89	3829133.628	0	0	0
257	180	19673345.91	3830230.376	0	0	0
258	121	19673685.61	3830339.54	0	0	0
259	121	19673962.43	3830067.268	0	0	0
260	1786	19671111.06	3828531.534	3	50000	40000
261	600	19669663.35	3829418.971	0	0	0
262	600	19669182.93	3830225.682	0	0	0
263	600	19669325.13	3829738.425	0	0	0
264	1508	19669246.51	3831609.986	0	0	0
265	947	19671202.17	3831822.094	0	0	0
266	2411	19670168.41	3832058.706	0	0	0
267	948	19670630.8	3831156.999	0	0	0
268	948	19671064.89	3831161.269	0	0	0
269	226	19673402.91	3830551.464	0	0	0
270	180	19673088.32	3830649.672	0	0	0
271	121	19673757.29	3830850.139	0	0	0
272	180	19672941.92	3830939.521	0	0	0
273	122	19674917.86	3830871.934	0	0	0
274	121	19674170.38	3830681.552	0	0	0
275	121	19674350.2	3830882.518	0	0	0
276	91	19674242.06	3831192.151	0	0	0
277	91	19674811.9	3830614.444	0	0	0
278	447	19678488.73	3831744.905	0	0	0
279	447	19678587.63	3831525.951	0	0	0
280	447	19676667.96	3830502.7	0	0	0
281	301	19678860.61	3831929.161	0	0	0
282	241	19679546.79	3832274.546	0	0	0
283	447	19678766.51	3832075.28	0	0	0
284	180	19678873.58	3831097.315	0	0	0
285	3038	19681342.79	3832248.983	0	0	0
286	307	19682419.76	3830718.799	0	0	0
287	409	19683053.85	3832305.249	0	0	0
288	409	19682535.12	3832277.993	0	0	0
289	409	19682961.32	3832573.109	0	0	0
290	2787	19684217.31	3832373.286	0	0	0
291	510	19683246.19	3832652.969	0	0	0
292	409	19683148.47	3830983.385	0	0	0
293	308	19687410.38	3832210.145	0	0	0
294	395	19687238.8	3830734.393	0	0	0
295	248	19687514.8	3831670.479	0	0	0
296	527	19685437.49	3832204.065	0	0	0
297	248	19687656.87	3832537.322	0	0	0
298	263	19689291.92	3832274.747	0	0	0
299	156	19688740.34	3831098.552	0	0	0
300	156	19689640.82	3831174.538	0	0	0
301	208	19689199.36	3832146.775	0	0	0
302	208	19688990.07	3832055.188	0	0	0
303	248	19687836.75	3832061.238	0	0	0
304	208	19688828.26	3832661.075	0	0	0
305	488	19689601.43	3832613.75	0	0	0
306	323	19690285.17	3830578.941	0	0	0
307	405	19691423.79	3832686.586	0	0	0
308	611	19690059.07	3832202.07	0	0	0
309	163	19691132.05	3830437.638	0	0	0
310	122	19691807.35	3830595.691	0	0	0
311	169	19692108.12	3832060.857	0	0	0
312	323	19691764.21	3832538.173	0	0	0
313	323	19691043.12	3832385.528	0	0	0
314	258	19693684.86	3831090.304	0	0	0
315	212	19692497.8	3830441.662	0	0	0
316	258	19692497.8	3831943.661	0	0	0
317	127	19692934.5	3830746.171	0	0	0
318	127	19692299.26	3831178.165	0	0	0
319	155	19692812.92	3831402.187	0	0	0
320	155	19693754.33	3831672.893	0	0	0
321	155	19693738.34	3831980.32	0	0	0
322	207	19692829.54	3831917.554	0	0	0
323	207	19692550.69	3832566.78	0	0	0
324	50	19695685.49	3832517.603	0	0	0
325	50	19694692.75	3832577.595	0	0	0
326	103	19697195.68	3834635.35	0	0	0
327	62	19697261.44	3833916.309	0	0	0
328	62	19697286.12	3834201.66	0	0	0
329	62	19696896.74	3834311.893	0	0	0
330	62	19697545.5	3834622.379	0	0	0
331	62	19698284.24	3834356.298	0	0	0
332	83	19698854.13	3834618.677	0	0	0
333	83	19698627.56	3834680.163	0	0	0
334	62	19697869.01	3834764.706	0	0	0
335	84	19695873.26	3833429.51	0	0	0
336	50	19695790.46	3832760.838	0	0	0
337	50	19695667.36	3833064.851	0	0	0
338	50	19694987.95	3832846.522	0	0	0
339	50	19694778.18	3832883.456	0	0	0
340	107	19694963.48	3833436.184	0	0	0
341	50	19695738.93	3833438.318	0	0	0
342	62	19696380.55	3834124.442	0	0	0
343	62	19696699.93	3834484.924	0	0	0
344	62	19696304.52	3834711.883	0	0	0
345	107	19695794.92	3834667.74	0	0	0
346	107	19695375.06	3834330.211	0	0	0
347	107	19695257.71	3833962.153	0	0	0
348	107	19695011.92	3833876.615	0	0	0
349	50	19694477.36	3833616.868	0	0	0
350	107	19694831.45	3834344.089	0	0	0
351	107	19694723.79	3834525.2	0	0	0
352	88	19693337.62	3834632.725	0	0	0
353	220	19694096.7	3834826.532	0	0	0
354	151	19692223.24	3832961.145	0	0	0
355	121	19692709.62	3832732.022	0	0	0
356	121	19692488.43	3833008.137	0	0	0
357	121	19692323.48	3833296.705	0	0	0
358	90	19692325.45	3833596.802	0	0	0
359	155	19694134.89	3832808.027	0	0	0
360	272	19691651.07	3834018.97	0	0	0
361	323	19689956.38	3833435.952	0	0	0
362	323	19690736.66	3833307.096	0	0	0
363	163	19691815.61	3833850.527	0	0	0
364	218	19691575.67	3833851.096	0	0	0
365	353	19690217.97	3834094.024	0	0	0
366	353	19689985.76	3834343.666	0	0	0
367	353	19690868.49	3834430.342	0	0	0
368	353	19690636.28	3834679.985	0	0	0
369	352	19690019.65	3834748.296	0	0	0
370	353	19690397.51	3834697.776	0	0	0
371	352	19690096.87	3834891.27	0	0	0
372	278	19688767.02	3834874.983	0	0	0
373	438	19689332.33	3834359.925	0	0	0
374	439	19689663.38	3833558.715	0	0	0
375	646	19688053.6	3832941.816	0	0	0
376	353	19689464.82	3833147.886	0	0	0
377	646	19687899.3	3833522.511	0	0	0
378	352	19688522.9	3834276.916	0	0	0
379	223	19688354.64	3834788.084	0	0	0
380	223	19687954.12	3834734.712	0	0	0
381	223	19688012.21	3834910.13	0	0	0
382	3900	19687086.83	3834008.226	1	0	27220
383	1765	19687021.11	3833221.782	0	0	0
384	809	19687644.56	3833372.984	0	0	0
385	1158	19686099.19	3834624.424	0	0	0
386	942	19683237.7	3833205.615	0	0	0
387	592	19684644.6	3833523.093	0	0	0
388	603	19685227.27	3834292.22	0	0	0
389	545	19683524.22	3833520.438	0	0	0
390	545	19683227.68	3833774.208	0	0	0
391	545	19683434.25	3834097.005	0	0	0
392	481	19684455.01	3834313.199	0	0	0
393	545	19684089.46	3834502.21	0	0	0
394	481	19685272.56	3834798.179	0	0	0
395	679	19683013.12	3834331.065	0	0	0
396	409	19681330.18	3834508.76	0	0	0
397	409	19681617.39	3834931.4	0	0	0
398	409	19681218.04	3834895.249	0	0	0
399	2395	19680099.91	3834875.817	0	0	0
400	336	19676736.44	3832853.667	0	0	0
401	1158	19678387.35	3834614.632	0	0	0
402	269	19676141.83	3832966.404	0	0	0
403	5100	19673907.89	3833571.649	0	0	0
404	4086	19672677.02	3833384.512	0	0	0
405	4000	19672800.81	3834659.304	0	0	0
406	3541	19669603.83	3833558.935	1	0	63568
407	1462	19669062.0	3834756.416	0	0	0
408	519	19667793.84	3833412.176	0	0	0
409	2373	19667624.74	3835183.709	0	0	0
410	1151	19667510.68	3837129.06	0	0	0
411	2580	19669622.3	3836427.293	0	0	0
412	3573	19678093.0	3836439.12	1	0	59840
413	8290	19676461.29	3834988.838	0	0	0
414	1796	19680845.22	3835211.582	0	0	0
415	950	19682327.51	3837223.062	0	0	0
416	760	19683045.91	3836527.664	0	0	0
417	760	19682930.46	3837136.753	0	0	0
418	570	19681238.11	3837088.434	0	0	0
419	1113	19683525.87	3835177.882	0	0	0
420	1467	19683199.57	3835768.324	0	0	0
421	239	19685333.77	3837105.919	0	0	0
422	239	19684239.29	3837040.332	0	0	0
423	646	19687398.15	3837086.549	0	0	0
424	223	19687273.57	3835111.167	0	0	0
425	361	19686149.15	3835939.895	0	0	0
426	388	19687639.62	3837054.997	0	0	0
427	199	19687656.05	3836102.476	0	0	0
428	331	19687703.64	3835352.16	0	0	0
429	364	19688256.66	3835193.919	0	0	0
430	352	19689449.32	3835412.188	0	0	0
431	199	19687752.36	3835634.808	0	0	0
432	218	19689448.78	3836217.76	0	0	0
433	199	19687761.73	3835874.823	0	0	0
434	218	19688997.52	3836503.695	0	0	0
435	352	19689705.25	3835104.191	0	0	0
436	323	19692158.64	3836667.693	0	0	0
437	194	19691957.71	3837008.1	0	0	0
438	167	19689930.22	3836111.713	0	0	0
439	218	19689943.14	3836971.809	0	0	0
440	68	19693642.23	3836670.214	0	0	0
441	194	19693976.99	3835601.337	0	0	0
442	52	19692713.84	3835234.845	0	0	0
443	52	19692427.43	3835095.08	0	0	0
444	52	19692383.62	3835400.586	0	0	0
445	194	19692827.4	3835954.025	0	0	0
446	194	19692951.68	3836288.28	0	0	0
447	194	19692264.86	3836232.275	0	0	0
448	194	19692636.22	3836806.422	0	0	0
449	176	19695921.71	3834996.112	0	0	0
450	68	19694739.63	3837063.108	0	0	0
451	107	19695430.64	3835011.105	0	0	0
452	107	19695064.98	3835062.983	0	0	0
453	107	19694696.38	3835366.707	0	0	0
454	137	19698556.87	3835452.062	0	0	0
455	150	19697402.21	3835827.562	0	0	0
456	150	19698622.58	3836897.737	0	0	0
457	83	19698909.6	3835136.535	0	0	0
458	83	19698139.9	3835083.376	0	0	0
459	95	19697400.48	3835203.714	0	0	0
460	83	19697886.8	3835297.294	0	0	0
461	95	19697245.01	3835767.188	0	0	0
462	119	19698936.77	3835806.896	0	0	0
463	89	19698250.26	3836162.287	0	0	0
464	95	19697369.87	3836110.054	0	0	0
465	95	19697142.83	3836300.061	0	0	0
466	95	19697602.13	3836674.595	0	0	0
467	89	19697985.27	3836743.908	0	0	0
468	89	19698895.61	3836558.241	0	0	0
469	95	19697230.33	3837043.151	0	0	0
470	53	19699911.42	3837108.335	0	0	0
471	70	19703881.9	3839453.215	0	0	0
472	56	19702208.61	3839310.324	0	0	0
473	32	19702604.17	3838022.785	0	0	0
474	32	19701677.62	3838241.614	0	0	0
475	32	19702470.28	3838767.725	0	0	0
476	86	19701395.04	3838564.91	0	0	0
477	32	19701887.54	3839155.994	0	0	0
478	32	19702312.35	3839159.623	0	0	0
479	32	19702565.77	3839357.102	0	0	0
480	86	19701619.4	3839420.296	0	0	0
481	70	19703485.61	3838784.066	0	0	0
482	153	19700387.43	3838700.136	0	0	0
483	53	19699277.04	3837415.904	0	0	0
484	71	19699191.44	3837649.961	0	0	0
485	86	19700612.03	3837800.776	0	0	0
486	86	19701151.55	3837753.615	0	0	0
487	86	19700446.7	3838328.007	0	0	0
488	86	19699469.09	3838598.194	0	0	0
489	71	19699086.06	3838542.567	0	0	0
490	86	19699977.8	3839032.67	0	0	0
491	86	19700917.13	3838866.146	0	0	0
492	86	19701165.97	3839131.871	0	0	0
493	86	19701220.06	3839384.145	0	0	0
494	86	19700783.73	3839482.565	0	0	0
495	71	19699364.89	3839384.574	0	0	0
496	77	19698416.06	3838352.799	0	0	0
497	119	19698653.37	3837338.55	0	0	0
498	89	19698365.9	3837318.696	0	0	0
499	71	19698054.32	3837622.849	0	0	0
500	53	19698470.08	3837900.102	0	0	0
501	53	19697625.72	3837970.341	0	0	0
502	53	19697367.75	3838209.951	0	0	0
503	53	19698317.75	3838780.894	0	0	0
504	71	19698841.16	3838877.036	0	0	0
505	53	19698619.39	3839144.54	0	0	0
506	53	19698263.22	3839471.323	0	0	0
507	68	19694957.04	3839443.53	0	0	0
508	68	19695060.5	3839065.01	0	0	0
509	68	19695405.87	3839436.547	0	0	0
510	68	19695599.59	3839081.718	0	0	0
511	68	19696414.04	3839424.172	0	0	0
512	68	19696227.59	3838951.565	0	0	0
513	68	19695530.41	3838917.488	0	0	0
514	68	19695141.3	3838624.935	0	0	0
515	68	19695665.84	3837924.115	0	0	0
516	68	19694832.62	3838157.959	0	0	0
517	68	19694569.03	3837539.833	0	0	0
518	68	19695124.85	3837569.65	0	0	0
519	53	19696300.58	3837621.712	0	0	0
520	53	19696420.48	3838298.478	0	0	0
521	104	19694171.62	3838983.38	0	0	0
522	68	19692821.22	3839253.169	0	0	0
523	68	19692199.7	3838935.993	0	0	0
524	68	19692599.63	3838980.755	0	0	0
525	68	19692739.42	3839136.105	0	0	0
526	68	19693490.67	3839325.115	0	0	0
527	68	19694166.94	3839226.125	0	0	0
528	68	19694196.37	3838302.564	0	0	0
529	68	19693399.34	3838118.963	0	0	0
530	68	19692744.92	3837996.633	0	0	0
531	68	19693314.77	3837418.927	0	0	0
532	68	19693958.84	3837660.527	0	0	0
533	78	19690282.76	3839202.66	0	0	0
534	78	19689969.12	3839445.276	0	0	0
535	78	19690933.76	3839043.805	0	0	0
536	194	19691714.09	3837496.923	0	0	0
537	558	19688484.88	3837914.177	0	0	0
538	334	19689044.7	3837704.551	0	0	0
539	334	19688662.73	3837652.46	0	0	0
540	334	19688216.26	3838144.414	0	0	0
541	400	19685690.35	3837564.047	0	0	0
542	239	19685771.77	3837276.435	0	0	0
543	1196	19683751.17	3839334.278	0	0	0
544	4090	19680522.52	3838840.949	0	0	0
545	998	19678848.79	3838868.878	0	0	0
546	4317	19673847.46	3837756.239	0	0	0
547	4287	19672312.0	3839423.939	0	0	0
548	1215	19672057.21	3839211.42	0	0	0
549	6820	19669694.25	3839271.644	1	0	83092
550	1308	19670979.43	3838895.457	0	0	0
551	2850	19669750.27	3838755.553	0	0	0
552	1352	19669701.07	3837922.139	0	0	0
553	1048	19670945.81	3838669.356	0	0	0
554	1048	19671289.47	3838333.293	0	0	0
555	1215	19671695.29	3838448.84	0	0	0
556	2993	19667573.82	3838939.983	0	0	0
557	5078	19668853.44	3839453.133	0	0	0
558	1689	19669170.67	3838715.58	0	0	0
559	1072	19668859.1	3838397.626	0	0	0
560	1147	19667621.73	3838155.964	0	0	0
561	858	19668923.81	3838811.712	0	0	0
562	1151	19667282.64	3837317.52	0	0	0
563	918	19667517.57	3837537.954	0	0	0
564	918	19668045.12	3837749.426	0	0	0
565	918	19668059.87	3838119.967	0	0	0
566	1352	19669478.35	3838188.761	0	0	0
567	858	19668382.73	3837913.803	0	0	0
568	918	19668279.83	3837621.53	0	0	0
569	1438	19667102.09	3837556.376	0	0	0
570	1731	19666474.67	3837602.067	0	0	0
571	1703	19667222.01	3840164.586	0	0	0
572	1182	19666711.99	3839535.134	0	0	0
573	1170	19667487.48	3839557.953	0	0	0
574	3078	19669177.9	3840015.419	0	0	0
575	1034	19668742.49	3840763.49	0	0	0
576	1034	19668285.15	3840352.658	0	0	0
577	1034	19668177.39	3840461.907	0	0	0
578	1034	19667748.62	3840724.235	0	0	0
579	6162	19670459.68	3839544.063	0	0	0
580	3626	19673987.37	3840614.277	0	0	0
581	1640	19673687.57	3841583.612	0	0	0
582	6135	19672727.96	3839717.142	0	0	0
583	1454	19673710.49	3839745.206	0	0	0
584	972	19674337.13	3841703.53	0	0	0
585	643	19678584.21	3840574.305	0	0	0
586	5308	19677774.77	3841743.503	0	0	0
587	2222	19679893.31	3839774.853	0	0	0
588	2684	19678794.07	3841583.612	0	0	0
589	1204	19682504.89	3841712.273	0	0	0
590	902	19682962.69	3840696.649	0	0	0
591	718	19685299.48	3840394.504	0	0	0
592	101	19685548.44	3841064.079	0	0	0
593	101	19685879.29	3841035.425	0	0	0
594	101	19686098.58	3840861.723	0	0	0
595	101	19687232.97	3840279.105	0	0	0
596	101	19686507.22	3840074.47	0	0	0
597	78	19689542.54	3839701.235	0	0	0
598	95	19689867.2	3840791.339	0	0	0
599	95	19689488.03	3840405.734	0	0	0
600	95	19688365.24	3839799.634	0	0	0
601	95	19688134.56	3840090.264	0	0	0
602	95	19688018.27	3840388.794	0	0	0
603	95	19689630.87	3841166.148	0	0	0
604	95	19689859.04	3841340.473	0	0	0
605	95	19689285.81	3841448.878	0	0	0
606	95	19688831.04	3841290.616	0	0	0
607	95	19688875.6	3841610.827	0	0	0
608	95	19689471.12	3841662.528	0	0	0
609	95	19687901.77	3841353.29	0	0	0
610	127	19692053.66	3840204.66	0	0	0
611	78	19692174.09	3839893.552	0	0	0
612	78	19691683.81	3840049.971	0	0	0
613	78	19691995.08	3840441.457	3	50000	40000
614	78	19691920.2	3840679.421	0	0	0
615	78	19691122.02	3840159.167	0	0	0
616	78	19690840.65	3840541.436	0	0	0
617	78	19691249.03	3839850.805	0	0	0
618	78	19690883.0	3839825.526	0	0	0
619	151	19692181.16	3841669.986	0	0	0
620	78	19691474.02	3841483.724	0	0	0
621	78	19690989.27	3841386.818	0	0	0
622	78	19690598.07	3841158.949	0	0	0
623	95	19690199.9	3841163.163	0	0	0
624	95	19690012.21	3841583.615	0	0	0
625	78	19692246.26	3840786.509	0	0	0
626	78	19692740.02	3840514.048	0	0	0
627	124	19693029.74	3841367.297	0	0	0
628	124	19693732.34	3840841.611	0	0	0
629	124	19694241.31	3840996.747	0	0	0
630	68	19694258.81	3839626.705	0	0	0
631	68	19694200.56	3839991.205	0	0	0
632	68	19693972.51	3839624.072	0	0	0
633	68	19693605.57	3839521.597	0	0	0
634	68	19692753.32	3839882.682	0	0	0
635	68	19692994.22	3839625.07	0	0	0
636	167	19695016.7	3841675.932	0	0	0
637	91	19695596.82	3841656.005	0	0	0
638	91	19696062.74	3841585.339	0	0	0
639	91	19696490.28	3841357.758	0	0	0
640	68	19696584.25	3840805.387	0	0	0
641	68	19696352.41	3840688.322	0	0	0
642	68	19696315.63	3841097.157	0	0	0
643	91	19695633.02	3841238.56	0	0	0
644	68	19694640.45	3840758.633	0	0	0
645	68	19695008.14	3840329.801	0	0	0
646	68	19696378.54	3839987.361	0	0	0
647	68	19695607.56	3839779.848	0	0	0
648	68	19695162.34	3839611.974	0	0	0
649	146	19698788.31	3841664.447	0	0	0
650	193	19698020.01	3841729.088	0	0	0
651	68	19697072.43	3840960.878	0	0	0
652	87	19697432.44	3839876.743	0	0	0
653	238	19698954.56	3840136.133	0	0	0
654	87	19698084.72	3840238.894	0	0	0
655	115	19698529.46	3840535.29	0	0	0
656	115	19698960.83	3840841.06	0	0	0
657	115	19698513.2	3841245.503	0	0	0
658	116	19700212.12	3840034.439	0	0	0
659	86	19700920.31	3839997.647	0	0	0
660	116	19700644.5	3840381.719	0	0	0
661	116	19699863.31	3840896.538	0	0	0
662	238	19700135.19	3841751.759	0	0	0
663	183	19700825.32	3841585.165	0	0	0
664	206	19702274.32	3841431.898	0	0	0
665	146	19701590.97	3840786.577	0	0	0
666	70	19703144.35	3839585.608	0	0	0
667	32	19702744.73	3839952.243	0	0	0
668	123	19703154.62	3840143.388	0	0	0
669	123	19703414.38	3840298.454	0	0	0
670	44	19702165.78	3839989.391	0	0	0
671	116	19701724.07	3839873.181	0	0	0
672	116	19701421.77	3840177.975	0	0	0
673	164	19702594.74	3840867.478	0	0	0
674	116	19701810.29	3840461.918	0	0	0
675	116	19701559.99	3841187.36	0	0	0
676	183	19701261.44	3841212.481	0	0	0
677	151	19703464.25	3841349.708	0	0	0
678	164	19702971.45	3841535.985	0	0	0
679	70	19704209.1	3839562.022	0	0	0
680	70	19704062.26	3839829.666	0	0	0
681	251	19705074.84	3840004.965	0	0	0
682	70	19704302.08	3840018.647	0	0	0
683	70	19703848.0	3840016.022	0	0	0
684	251	19705291.0	3840604.201	0	0	0
685	251	19705778.14	3840637.845	0	0	0
686	70	19704089.59	3840837.326	0	0	0
687	70	19703861.45	3840668.309	0	0	0
688	151	19703632.23	3840786.582	0	0	0
689	151	19704663.92	3841394.248	0	0	0
690	251	19705592.16	3841391.304	0	0	0
691	151	19704913.33	3841421.052	0	0	0
692	251	19705226.35	3841624.667	0	0	0
693	151	19703654.32	3841717.25	0	0	0
694	335	19705855.78	3843486.092	0	0	0
695	255	19704011.01	3842633.498	0	0	0
696	424	19705325.26	3843168.585	0	0	0
697	342	19704133.05	3843412.66	0	0	0
698	251	19705037.52	3842033.093	0	0	0
699	151	19704378.0	3841891.755	0	0	0
700	276	19704386.98	3842629.943	0	0	0
701	276	19704181.89	3842951.036	0	0	0
702	264	19703715.94	3843531.899	0	0	0
703	276	19704443.2	3843304.341	0	0	0
704	375	19704647.57	3843730.344	0	0	0
705	375	19704220.11	3843815.768	0	0	0
706	230	19701795.56	3842483.298	0	0	0
707	328	19702687.37	3843018.385	0	0	0
708	372	19701785.46	3843622.649	0	0	0
709	372	19702188.91	3843719.075	0	0	0
710	372	19701698.06	3843016.691	0	0	0
711	183	19702236.27	3842390.88	0	0	0
712	151	19703136.32	3841987.997	0	0	0
713	202	19702912.31	3842328.642	0	0	0
714	151	19703464.91	3842506.729	0	0	0
715	202	19703500.25	3842901.891	0	0	0
716	276	19703409.89	3843127.61	0	0	0
717	264	19702941.52	3843066.525	0	0	0
718	264	19703261.56	3843979.457	0	0	0
719	4162	19701047.64	3842997.398	1	0	21073
720	300	19700256.01	3841891.886	0	0	0
721	476	19700180.91	3843675.51	0	0	0
722	438	19699229.53	3843782.333	0	0	0
723	463	19701204.19	3843317.714	0	0	0
724	351	19699103.75	3843955.085	0	0	0
725	351	19699156.44	3843417.817	0	0	0
726	238	19699586.51	3841962.404	0	0	0
727	115	19699115.64	3842366.969	0	0	0
728	381	19699450.65	3842407.248	0	0	0
729	115	19699108.43	3842803.558	0	0	0
730	381	19699502.5	3842762.212	0	0	0
731	238	19700309.19	3842680.8	0	0	0
732	381	19699779.64	3842901.336	0	0	0
733	372	19700765.17	3843277.933	0	0	0
734	238	19700520.93	3842943.963	0	0	0
735	381	19700388.69	3843577.603	0	0	0
736	238	19700630.41	3842111.633	0	0	0
737	372	19701030.13	3841882.13	0	0	0
738	112	19697133.53	3842349.931	0	0	0
739	490	19696963.59	3843984.65	0	0	0
740	387	19697140.82	3843999.492	0	0	0
741	351	19698309.54	3843677.405	0	0	0
742	351	19698627.77	3843742.235	0	0	0
743	351	19698703.4	3843361.794	0	0	0
744	258	19698387.2	3842920.011	0	0	0
745	91	19697247.64	3842721.323	0	0	0
746	167	19696921.18	3842705.371	0	0	0
747	167	19696744.15	3842917.948	0	0	0
748	91	19697210.5	3841904.578	0	0	0
749	193	19697678.49	3842271.142	0	0	0
750	208	19695304.59	3842107.151	0	0	0
751	201	19694501.13	3843375.841	0	0	0
752	510	19695449.05	3843959.784	0	0	0
753	387	19696004.87	3843989.601	0	0	0
754	387	19696640.64	3843973.518	0	0	0
755	167	19696180.71	3842776.191	0	0	0
756	167	19695850.56	3842264.881	0	0	0
757	167	19695427.6	3842424.216	0	0	0
758	167	19694460.02	3842040.29	0	0	0
759	6248	19693311.11	3843969.286	0	0	0
760	126	19693303.96	3844013.763	0	0	0
761	252	19693823.26	3842858.033	0	0	0
762	143	19692393.56	3843302.035	0	0	0
763	97	19694081.16	3843858.981	0	0	0
764	97	19693054.74	3843620.97	0	0	0
765	97	19693656.55	3843506.195	0	0	0
766	97	19693906.01	3843162.226	0	0	0
767	97	19692901.14	3842985.006	0	0	0
768	387	19694446.58	3842656.424	0	0	0
769	201	19694328.58	3842956.806	0	0	0
770	151	19692585.35	3842296.48	0	0	0
771	151	19693482.8	3841921.376	0	0	0
772	167	19694447.13	3841850.852	0	0	0
773	73	19690941.48	3842073.283	0	0	0
774	107	19691625.15	3843335.667	0	0	0
775	297	19690383.81	3843848.221	0	0	0
776	297	19690973.13	3843658.491	0	0	0
777	97	19692001.21	3842728.776	0	0	0
778	73	19691304.14	3842211.616	0	0	0
779	153	19689009.28	3841924.691	0	0	0
780	95	19689725.79	3841891.538	0	0	0
781	95	19689514.37	3842130.643	0	0	0
782	95	19688013.44	3842492.111	0	0	0
783	95	19687678.24	3842585.243	0	0	0
784	171	19688305.23	3843601.087	0	0	0
785	1038	19685516.0	3843439.593	0	0	0
786	136	19686582.97	3843496.115	0	0	0
787	136	19686001.67	3842425.894	0	0	0
788	95	19687200.33	3842087.108	0	0	0
789	95	19686728.3	3842536.025	0	0	0
790	95	19687445.13	3842505.717	0	0	0
791	166	19683276.19	3843426.812	0	0	0
792	134	19683761.43	3843739.029	0	0	0
793	134	19684448.44	3843374.447	0	0	0
794	1576	19681281.26	3842674.932	0	0	0
795	813	19681319.48	3843894.66	0	0	0
796	650	19682249.22	3843660.341	0	0	0
797	487	19680487.71	3843993.633	0	0	0
798	2109	19674347.12	3842263.146	0	0	0
799	403	19675655.16	3842468.703	0	0	0
800	1434	19676285.79	3843102.57	0	0	0
801	861	19676036.22	3842939.714	0	0	0
802	322	19675995.44	3842501.917	0	0	0
803	861	19675851.64	3843151.325	0	0	0
804	861	19676316.89	3843513.397	0	0	0
805	1146	19676209.29	3844020.671	0	0	0
806	1373	19676815.43	3844421.665	0	0	0
807	1079	19678230.06	3846236.104	0	0	0
808	1071	19676366.89	3846156.252	0	0	0
809	933	19678061.31	3844203.655	0	0	0
810	856	19676557.53	3845610.487	0	0	0
811	4687	19680027.29	3846229.964	0	0	0
812	1884	19682166.3	3844314.184	0	0	0
813	1152	19682700.9	3845270.983	0	0	0
814	650	19681915.01	3844317.933	0	0	0
815	1730	19684815.52	3845471.759	0	0	0
816	1152	19683502.66	3846184.752	0	0	0
817	1152	19683518.64	3845061.357	0	0	0
818	1508	19683765.48	3844477.528	0	0	0
819	134	19684612.74	3844158.35	0	0	0
820	226	19686749.99	3844780.322	0	0	0
821	454	19686703.38	3846202.042	0	0	0
822	665	19685573.72	3846053.102	0	0	0
823	360	19686481.3	3845669.418	0	0	0
824	182	19687410.87	3845201.413	0	0	0
825	360	19685798.55	3845288.437	0	0	0
826	182	19686195.15	3844181.799	0	0	0
827	227	19687423.3	3844417.579	0	0	0
828	285	19688791.25	3844113.089	0	0	0
829	806	19688152.16	3845865.422	0	0	0
830	360	19689190.83	3846225.66	0	0	0
831	171	19688076.37	3844127.026	0	0	0
832	227	19688106.33	3844693.049	0	0	0
833	622	19688353.84	3845343.343	0	0	0
834	662	19689838.95	3844055.859	0	0	0
835	827	19690026.77	3844436.099	0	0	0
836	371	19691326.88	3844791.411	0	0	0
837	569	19690075.22	3845219.4	0	0	0
838	225	19690260.95	3845550.486	0	0	0
839	340	19691892.15	3846272.871	0	0	0
840	180	19691896.13	3844230.333	0	0	0
841	143	19692095.93	3844264.591	0	0	0
842	143	19691752.65	3844071.745	0	0	0
843	143	19691739.32	3844436.062	0	0	0
844	179	19691935.84	3845257.79	0	0	0
845	179	19691998.22	3845505.234	0	0	0
846	179	19691294.83	3845541.223	0	0	0
847	392	19691078.61	3846044.274	0	0	0
848	392	19690293.1	3846212.017	0	0	0
849	231	19692631.06	3844215.891	0	0	0
850	139	19693257.34	3845403.212	0	0	0
851	185	19692849.65	3844787.436	0	0	0
852	185	19692725.12	3844493.112	0	0	0
853	185	19693387.59	3844587.384	0	0	0
854	97	19694263.86	3844410.699	0	0	0
855	97	19693153.93	3844139.966	0	0	0
856	296	19694384.97	3846225.99	0	0	0
857	272	19693958.39	3846196.529	0	0	0
858	272	19692624.23	3846172.164	0	0	0
859	272	19693288.38	3846228.604	0	0	0
860	387	19696615.6	3845328.034	0	0	0
861	636	19695021.87	3844521.748	0	0	0
862	97	19694590.0	3844188.57	0	0	0
863	309	19695654.53	3845893.726	0	0	0
864	309	19696298.19	3845586.797	0	0	0
865	309	19696451.42	3845126.013	0	0	0
866	510	19695062.48	3845467.172	0	0	0
867	510	19694872.74	3845934.005	0	0	0
868	510	19694508.21	3845188.923	0	0	0
869	309	19696026.35	3846093.456	0	0	0
870	5581	19697685.8	3844647.037	1	0	38666
871	402	19698922.01	3845926.891	0	0	0
872	351	19698296.21	3844430.672	0	0	0
873	387	19697466.56	3844039.13	0	0	0
874	351	19698752.15	3844213.622	0	0	0
875	322	19698871.24	3846098.746	0	0	0
876	476	19698475.16	3845025.813	0	0	0
877	322	19698032.11	3845432.299	0	0	0
878	387	19697180.88	3844859.291	0	0	0
879	387	19697247.28	3845292.392	0	0	0
880	322	19697408.66	3845629.21	0	0	0
881	309	19697232.08	3845882.694	0	0	0
882	322	19697728.37	3846122.658	0	0	0
883	309	19696854.32	3846028.011	0	0	0
884	600	19700483.9	3844850.566	0	0	0
885	548	19699868.86	3845901.838	0	0	0
886	381	19700764.15	3844212.026	0	0	0
887	476	19700748.05	3845602.734	0	0	0
888	476	19699580.19	3845530.646	0	0	0
889	476	19700289.45	3845373.943	0	0	0
890	476	19701027.7	3845236.384	0	0	0
891	476	19701033.73	3844782.573	0	0	0
892	1621	19702537.17	3844417.123	0	0	0
893	480	19702875.12	3846285.235	0	0	0
894	380	19702830.42	3845612.631	0	0	0
895	380	19703066.81	3845967.975	0	0	0
896	380	19702115.34	3846084.259	0	0	0
897	380	19701903.34	3845849.306	0	0	0
898	380	19701464.33	3846068.034	0	0	0
899	372	19701825.05	3844271.945	0	0	0
900	476	19701539.02	3845425.963	0	0	0
901	476	19701916.49	3844628.086	0	0	0
902	380	19703253.56	3845377.408	0	0	0
903	466	19704255.08	3844173.048	0	0	0
904	637	19703693.88	3845177.928	0	0	0
905	637	19703811.15	3845412.158	0	0	0
906	637	19703888.65	3845766.108	0	0	0
907	809	19704886.94	3845882.947	0	0	0
908	375	19703843.29	3844038.791	0	0	0
909	264	19703557.95	3844084.661	0	0	0
910	637	19705164.84	3844206.694	0	0	0
911	375	19704589.78	3844396.869	0	0	0
912	375	19703901.36	3844588.793	0	0	0
913	809	19705719.45	3845231.614	0	0	0
914	473	19706332.38	3848237.834	0	0	0
915	606	19705927.03	3846462.457	0	0	0
916	606	19706298.42	3846765.892	0	0	0
917	426	19705805.97	3847411.976	0	0	0
918	4320	19703857.67	3847141.246	1	0	49858
919	1011	19705297.1	3846322.785	0	0	0
920	712	19704480.38	3846829.71	0	0	0
921	572	19703556.14	3847650.7	0	0	0
922	1032	19703804.48	3848378.647	0	0	0
923	568	19705146.75	3846820.456	0	0	0
924	568	19705235.55	3846602.771	0	0	0
925	463	19705210.83	3847610.343	0	0	0
926	463	19705453.74	3848450.895	0	0	0
927	352	19701457.61	3846698.285	0	0	0
928	942	19703370.96	3846820.322	0	0	0
929	380	19702533.32	3846314.281	0	0	0
930	380	19702125.52	3846688.426	0	0	0
931	280	19701917.38	3847267.937	0	0	0
932	380	19702821.78	3846790.226	0	0	0
933	753	19703357.83	3847060.899	0	0	0
934	458	19702879.02	3847755.819	0	0	0
935	280	19701493.2	3847401.481	0	0	0
936	343	19702013.1	3847916.327	0	0	0
937	826	19703218.67	3848047.483	0	0	0
938	343	19701540.49	3848247.68	0	0	0
939	380	19701423.76	3846381.332	0	0	0
940	298	19699399.48	3847966.244	0	0	0
941	280	19701015.96	3846755.477	0	0	0
942	210	19701124.82	3847480.027	0	0	0
943	437	19699488.53	3847028.18	0	0	0
944	240	19699885.02	3847025.793	0	0	0
945	240	19700392.12	3847017.965	0	0	0
946	240	19700396.02	3846803.976	0	0	0
947	437	19699219.36	3846602.726	0	0	0
948	437	19699838.82	3846482.673	0	0	0
949	437	19700638.68	3846572.196	0	0	0
950	240	19700490.66	3847787.528	0	0	0
951	437	19699064.2	3847577.596	0	0	0
952	240	19700285.19	3848159.002	0	0	0
953	347	19697878.06	3846509.563	0	0	0
954	231	19697934.71	3847990.522	0	0	0
955	437	19698824.64	3847312.512	0	0	0
956	240	19698718.68	3848196.506	0	0	0
957	184	19698195.64	3847834.711	0	0	0
958	277	19698331.81	3846798.91	0	0	0
959	277	19697235.54	3846611.41	0	0	0
960	184	19697143.37	3848104.849	0	0	0
961	184	19697038.22	3847780.485	0	0	0
962	184	19696751.01	3847357.845	0	0	0
963	277	19696826.92	3846563.974	0	0	0
964	184	19697129.43	3848440.846	0	0	0
965	296	19694759.43	3846303.273	0	0	0
966	138	19696519.01	3847881.752	0	0	0
967	277	19696447.61	3846968.367	0	0	0
968	309	19696443.99	3846779.57	0	0	0
969	296	19695394.23	3846544.233	0	0	0
970	296	19695477.29	3848180.666	0	0	0
971	178	19694775.91	3848517.217	0	0	0
972	373	19694290.51	3847125.163	0	0	0
973	263	19692336.46	3848467.362	0	0	0
974	178	19693935.67	3848482.467	0	0	0
975	197	19693193.49	3848346.843	0	0	0
976	392	19692250.17	3846865.165	0	0	0
977	272	19693055.02	3846961.192	0	0	0
978	272	19692287.12	3846571.726	0	0	0
979	272	19692827.62	3846651.34	0	0	0
980	296	19693484.54	3846601.569	0	0	0
981	296	19694452.77	3847947.544	0	0	0
982	492	19691504.54	3846995.959	0	0	0
983	328	19691819.47	3847851.937	0	0	0
984	392	19691449.1	3846302.427	0	0	0
985	392	19690314.46	3847027.467	0	0	0
986	364	19690171.08	3847429.837	0	0	0
987	263	19691855.07	3848085.268	0	0	0
988	263	19692036.97	3847579.847	0	0	0
989	263	19691846.52	3847141.603	0	0	0
990	456	19688952.75	3848078.045	0	0	0
991	441	19687824.06	3847333.018	0	0	0
992	360	19687794.6	3846764.443	0	0	0
993	360	19687876.81	3846478.266	0	0	0
994	364	19689254.3	3847007.103	0	0	0
995	364	19688823.57	3848372.741	0	0	0
996	830	19686367.44	3846784.178	0	0	0
997	441	19686651.06	3848299.248	0	0	0
998	441	19686913.96	3848222.982	0	0	0
999	441	19685910.33	3847664.428	0	0	0
1000	441	19685755.05	3847418.978	0	0	0
1001	665	19686102.49	3846759.17	0	0	0
1002	360	19686530.82	3846668.577	0	0	0
1003	360	19687289.03	3846806.782	0	0	0
1004	364	19687570.62	3847694.224	0	0	0
1005	1551	19684597.26	3848369.834	0	0	0
1006	1281	19683368.02	3846638.944	0	0	0
1007	30967	19680892.22	3847950.872	0	0	0
1008	1281	19682548.35	3846624.15	0	0	0
1009	800	19676935.45	3846635.762	0	0	0
1010	864	19678021.3	3846561.599	0	0	0
1011	640	19676537.94	3846371.081	0	0	0
1012	640	19676657.94	3846561.573	0	0	0
1013	1544	19677552.97	3848176.565	0	0	0
1014	398	19676079.19	3848327.746	0	0	0
1015	480	19674986.78	3846644.924	0	0	0
1016	319	19675760.33	3847526.552	0	0	0
1017	319	19676217.88	3848220.714	0	0	0
1018	319	19675503.42	3848469.523	0	0	0
1019	319	19674253.91	3847933.404	0	0	0
1020	1189	19667030.15	3850136.182	0	0	0
1021	1476	19666427.34	3850314.286	0	0	0
1022	480	19665057.08	3849884.814	0	0	0
1023	1351	19672950.19	3850794.357	0	0	0
1024	319	19676225.36	3848845.322	0	0	0
1025	2814	19677005.06	3849251.159	1	0	46814
1026	3101	19677332.76	3848608.601	0	0	0
1027	3195	19677887.62	3850738.994	0	0	0
1028	14551	19680207.42	3848582.995	1	0	42401
1029	31410	19680409.35	3849364.368	1	0	157683
1030	7350	19679672.81	3848823.128	0	0	0
1031	1986	19680027.29	3850154.504	0	0	0
1032	1295	19680063.74	3850533.646	0	0	0
1033	1747	19680577.42	3850258.465	0	0	0
1034	1560	19680534.1	3850475.051	0	0	0
1035	14884	19682349.62	3848951.733	0	0	0
1036	2113	19682344.76	3850059.206	0	0	0
1037	883	19681709.54	3849500.717	0	0	0
1038	1691	19682040.25	3850814.387	0	0	0
1039	550	19686456.85	3850108.599	0	0	0
1040	472	19685736.5	3849075.905	0	0	0
1041	442	19687451.76	3849877.18	0	0	0
1042	442	19686889.2	3849704.899	0	0	0
1043	442	19686095.54	3850183.798	0	0	0
1044	442	19685611.87	3849939.133	0	0	0
1045	380	19685467.67	3849573.712	0	0	0
1046	380	19685734.28	3849234.567	3	50000	40000
1047	380	19685409.32	3849055.736	0	0	0
1048	380	19686060.85	3849555.003	0	0	0
1049	380	19686118.01	3849216.387	0	0	0
1050	380	19686506.55	3848915.552	0	0	0
1051	442	19686693.57	3850598.366	0	0	0
1052	317	19689661.3	3850143.118	0	0	0
1053	390	19689452.53	3850771.455	0	0	0
1054	390	19688944.66	3850347.214	0	0	0
1055	390	19689216.12	3850229.223	0	0	0
1056	380	19691262.28	3848756.367	0	0	0
1057	394	19690826.22	3849289.335	0	0	0
1058	304	19690851.77	3848565.673	0	0	0
1059	304	19692179.48	3848837.079	0	0	0
1060	227	19692100.39	3849180.464	0	0	0
1061	317	19691486.46	3849360.056	0	0	0
1062	317	19691691.76	3849532.801	0	0	0
1063	317	19690357.55	3849165.806	0	0	0
1064	317	19690609.45	3849521.479	0	0	0
1065	317	19690195.63	3849630.323	0	0	0
1066	317	19690109.44	3850036.644	0	0	0
1067	167	19691839.91	3850705.855	0	0	0
1068	210	19692215.16	3850040.335	0	0	0
1069	224	19694274.36	3849814.227	0	0	0
1070	220	19693850.77	3850643.883	0	0	0
1071	220	19694456.28	3850675.131	0	0	0
1072	178	19693726.47	3849821.323	0	0	0
1073	125	19693332.36	3849207.681	0	0	0
1074	133	19694202.16	3849283.337	0	0	0
1075	133	19694080.54	3849169.226	0	0	0
1076	178	19694025.98	3848869.467	0	0	0
1077	275	19695073.81	3850791.335	0	0	0
1078	220	19694626.87	3850338.067	0	0	0
1079	133	19695540.06	3848868.325	0	0	0
1080	178	19694875.19	3848801.264	0	0	0
1081	178	19694601.98	3848634.4	0	0	0
1082	178	19694607.89	3848888.515	0	0	0
1083	178	19694722.07	3849562.38	0	0	0
1084	220	19695256.91	3849726.172	0	0	0
1085	220	19695032.61	3849943.245	0	0	0
1086	220	19695665.13	3850705.764	0	0	0
1087	130	19696643.85	3849864.244	0	0	0
1088	163	19697157.23	3850193.765	0	0	0
1089	175	19698715.75	3849224.733	0	0	0
1090	130	19697001.25	3850766.329	0	0	0
1091	130	19696862.41	3850566.461	0	0	0
1092	130	19697420.72	3850573.307	0	0	0
1093	130	19696962.21	3850192.794	0	0	0
1094	130	19696880.57	3849996.875	0	0	0
1095	130	19696769.41	3849534.64	0	0	0
1096	130	19697011.4	3849075.654	0	0	0
1097	142	19697886.11	3848713.221	0	0	0
1098	142	19697756.8	3848820.572	0	0	0
1099	142	19698948.21	3848792.174	0	0	0
1100	142	19698539.34	3849445.457	0	0	0
1101	142	19698741.87	3849744.865	0	0	0
1102	266	19699880.51	3849617.796	0	0	0
1103	212	19700929.44	3848818.522	0	0	0
1104	212	19700978.15	3849837.238	0	0	0
1105	212	19700756.44	3849611.193	0	0	0
1106	212	19700179.6	3849169.044	0	0	0
1107	212	19699512.88	3849276.646	0	0	0
1108	240	19699807.98	3848605.981	0	0	0
1109	240	19699233.03	3848566.272	0	0	0
1110	142	19699142.34	3849941.661	0	0	0
1111	524	19701673.52	3848894.959	0	0	0
1112	417	19702311.63	3848664.933	0	0	0
1113	826	19702952.61	3849127.054	0	0	0
1114	417	19701686.41	3849330.584	0	0	0
1115	417	19701594.67	3849649.927	0	0	0
1116	592	19705456.68	3850346.474	0	0	0
1117	463	19705029.56	3848584.439	0	0	0
1118	463	19705302.01	3849101.353	0	0	0
1119	471	19705579.05	3849685.636	0	0	0
1120	471	19705368.06	3849920.113	0	0	0
1121	826	19703858.05	3848953.733	0	0	0
1122	283	19706147.56	3849399.221	0	0	0
1123	283	19706221.49	3848666.76	0	0	0
1124	283	19706796.37	3849080.036	0	0	0
1125	353	19707025.21	3850168.666	0	0	0
1126	353	19707001.44	3850425.652	0	0	0
1127	353	19706748.57	3850954.179	0	0	0
1128	130	19696796.34	3851101.024	0	0	0
1129	179	19694764.37	3852246.198	0	0	0
1130	139	19696008.92	3851391.055	0	0	0
1131	139	19695193.7	3851201.324	0	0	0
1132	139	19695120.89	3851363.081	0	0	0
1133	105	19695929.81	3851799.295	0	0	0
1134	139	19695188.03	3851645.693	0	0	0
1135	139	19695046.21	3852025.064	0	0	0
1136	138	19696166.28	3852647.253	0	0	0
1137	139	19694719.57	3851624.458	0	0	0
1138	139	19694614.47	3851839.579	3	50000	30000
1139	250	19695197.34	3853013.975	0	0	0
1140	148	19692220.29	3851951.045	0	0	0
1141	167	19692793.76	3851004.297	0	0	0
1142	120	19693417.27	3851476.496	0	0	0
1143	220	19693317.39	3851078.45	0	0	0
1144	139	19694332.7	3852098.095	0	0	0
1145	248	19694154.29	3852819.629	0	0	0
1146	139	19693724.7	3852489.745	0	0	0
1147	120	19692952.64	3851702.568	0	0	0
1148	318	19690751.99	3851447.924	0	0	0
1149	411	19690669.85	3852289.882	0	0	0
1150	360	19691234.58	3853029.163	0	0	0
1151	254	19691231.62	3850990.781	0	0	0
1152	254	19691820.8	3851435.375	0	0	0
1153	390	19690288.9	3851096.076	0	0	0
1154	287	19691403.08	3852863.117	0	0	0
1155	287	19690552.04	3853026.72	0	0	0
1156	5463	19687735.72	3852281.561	1	0	32857
1157	472	19688452.01	3851643.012	0	0	0
1158	490	19689047.54	3851088.551	0	0	0
1159	680	19688564.95	3852947.02	0	0	0
1160	1681	19688739.51	3852402.828	0	0	0
1161	543	19689021.03	3852876.506	0	0	0
1162	543	19689547.36	3852868.381	0	0	0
1163	377	19688148.37	3851315.169	0	0	0
1164	858	19687486.22	3852900.592	0	0	0
1165	1617	19687271.21	3851920.242	0	0	0
1166	488	19685900.46	3852276.085	0	0	0
1167	1311	19686113.36	3851142.136	0	0	0
1168	1293	19687587.11	3851865.714	0	0	0
1169	390	19686246.28	3852103.113	0	0	0
1170	390	19686130.36	3852193.395	0	0	0
1171	749	19685588.06	3852029.114	0	0	0
1172	1048	19686315.49	3851292.851	0	0	0
1173	937	19685330.6	3852372.024	0	0	0
1174	545	19683472.13	3852536.309	0	0	0
1175	1770	19683817.55	3850877.901	0	0	0
1176	1048	19685331.92	3851024.659	0	0	0
1177	436	19683194.25	3852596.392	0	0	0
1178	436	19683768.97	3852947.417	0	0	0
1179	662	19682329.88	3852177.749	0	0	0
1180	469	19682032.94	3852322.198	0	0	0
1181	514	19681459.65	3851591.673	0	0	0
1182	530	19682521.75	3852216.375	0	0	0
1183	375	19681752.64	3852352.281	0	0	0
1184	410	19681257.44	3851762.128	0	0	0
1185	410	19680990.96	3851365.678	0	0	0
1186	596	19680487.17	3851353.122	0	0	0
1187	596	19680151.81	3851352.198	0	0	0
1188	752	19679184.19	3851440.238	0	0	0
1189	941	19678424.12	3851555.638	0	0	0
1190	1582	19677880.77	3851526.76	0	0	0
1191	642	19675551.73	3852602.232	0	0	0
1192	1351	19674225.39	3851445.606	0	0	0
1193	761	19669918.41	3851330.351	0	0	0
1194	761	19669523.58	3852081.593	0	0	0
1195	327	19666317.74	3851328.106	0	0	0
1196	480	19665002.05	3851173.01	0	0	0
1197	1456	19671660.85	3853335.197	0	0	0
1198	970	19673078.83	3853554.401	0	0	0
1199	777	19672316.45	3854063.398	0	0	0
1200	513	19675827.81	3853759.295	0	0	0
1201	513	19675976.33	3854630.883	0	0	0
1202	313	19674278.91	3854066.422	0	0	0
1203	1042	19678380.83	3854876.478	0	0	0
1204	712	19680627.96	3855031.381	0	0	0
1205	834	19678775.11	3854078.797	0	0	0
1206	326	19682804.47	3853203.256	0	0	0
1207	570	19681244.18	3855085.8	0	0	0
1208	3925	19684141.8	3853497.877	1	0	21448
1209	812	19684515.54	3853728.924	0	0	0
1210	1346	19684240.43	3853295.528	0	0	0
1211	478	19684129.75	3854729.139	0	0	0
1212	436	19683472.13	3853160.416	0	0	0
1213	3447	19685535.96	3853450.142	0	0	0
1214	304	19686901.57	3855113.523	0	0	0
1215	290	19686336.84	3854096.737	0	0	0
1216	242	19687291.95	3855269.987	0	0	0
1217	242	19686537.78	3855273.496	0	0	0
1218	227	19686533.85	3855039.724	0	0	0
1219	227	19686263.84	3854943.243	0	0	0
1220	227	19686720.13	3854785.733	0	0	0
1221	227	19685731.91	3854517.34	0	0	0
1222	227	19686167.18	3854402.855	0	0	0
1223	227	19685757.85	3854018.776	0	0	0
1224	227	19685697.87	3854712.386	0	0	0
1225	634	19688595.76	3853809.514	0	0	0
1226	505	19689887.19	3853814.73	0	0	0
1227	505	19688477.88	3853517.254	0	0	0
1228	505	19688910.87	3853369.254	0	0	0
1229	629	19689176.45	3854634.928	0	0	0
1230	629	19688975.92	3854852.576	0	0	0
1231	287	19690432.62	3853207.496	0	0	0
1232	216	19690296.39	3854020.895	0	0	0
1233	280	19691761.16	3854077.583	0	0	0
1234	280	19691923.38	3853821.93	0	0	0
1235	287	19690913.24	3853407.476	0	0	0
1236	287	19690566.0	3853583.636	0	0	0
1237	373	19691414.34	3854778.659	0	0	0
1238	373	19691894.94	3854987.463	0	0	0
1239	301	19692072.64	3855311.068	0	0	0
1240	466	19692353.77	3854600.134	0	0	0
1241	309	19693976.08	3853501.481	0	0	0
1242	336	19694358.44	3855291.031	0	0	0
1243	447	19694337.99	3854111.003	0	0	0
1244	280	19692909.8	3853712.152	0	0	0
1245	280	19692811.33	3854728.301	0	0	0
1246	280	19692892.37	3854511.518	0	0	0
1247	314	19694975.89	3853512.704	0	0	0
1248	544	19695998.83	3855113.523	0	0	0
1249	435	19696568.87	3855043.409	0	0	0
1250	580	19695476.31	3855001.309	0	0	0
1251	250	19696124.15	3853611.698	0	0	0
1252	435	19696134.45	3854290.669	0	0	0
1253	447	19694869.3	3853932.292	0	0	0
1254	640	19696840.79	3857054.134	0	0	0
1255	512	19696924.32	3856746.93	0	0	0
1256	726	19694643.48	3856263.515	0	0	0
1257	580	19694971.41	3855500.151	0	0	0
1258	512	19696582.53	3857179.204	0	0	0
1259	468	19695592.03	3856877.297	0	0	0
1260	560	19693832.33	3855863.071	0	0	0
1261	446	19693010.91	3855565.306	0	0	0
1262	377	19692025.2	3855596.109	0	0	0
1263	750	19690238.6	3855678.251	0	0	0
1264	301	19691642.69	3855503.755	0	0	0
1265	787	19689037.27	3855390.753	0	0	0
1266	629	19689158.31	3855421.124	0	0	0
1267	629	19689637.42	3855598.76	0	0	0
1268	758	19687436.47	3856024.078	0	0	0
1269	242	19687145.7	3855760.242	0	0	0
1270	607	19687645.34	3856239.51	0	0	0
1271	242	19687486.38	3855839.366	0	0	0
1272	242	19687485.48	3855650.281	0	0	0
1273	242	19687072.62	3855566.171	0	0	0
1274	359	19685468.93	3855755.627	0	0	0
1275	650	19683496.01	3855427.562	0	0	0
